<!DOCTYPE html>
<html lang="en">
<head>
    <meta charset="UTF-8">
    <meta name="viewport" content="width=device-width, initial-scale=1.0">
    <title>Time Series Analysis</title>
    <script src="https://cdn.jsdelivr.net/npm/pandas@1.3.3/dist/pandas.min.js"></script>
    <script src="https://cdn.jsdelivr.net/npm/matplotlib@3.4.3/dist/matplotlib.min.js"></script>
    <script src="https://cdn.jsdelivr.net/npm/statsmodels@0.12.2/dist/statsmodels.min.js"></script>
    <script src="https://cdn.jsdelivr.net/npm/numpy@1.21.2/dist/numpy.min.js"></script>
</head>
<body>
    <script type="text/javascript">
        import pandas as pd;
        import matplotlib.pyplot as plt;
        import { adfuller, coint } from 'statsmodels.tsa.stattools';
        import { VAR } from 'statsmodels.tsa.vector_ar.var_model';
        import numpy as np;

        // Step 1: Create the dataset from the provided document
        const data = {
            'Date': pd.date_range(start='1982-01-01', end='2001-06-01', freq='MS'),
            'GS3M': [
                12.92, 14.28, 13.31, 13.34, 12.71, 13.08, 11.86, 9.00, 8.19, 7.97, 8.35, 8.20, 8.12, 8.39, 8.66, 
                8.51, 8.50, 9.14, 9.45, 9.74, 9.36, 8.99, 9.11, 9.36, 9.26, 9.46, 9.89, 10.07, 10.22, 10.26, 10.53, 
                10.90, 10.80, 10.12, 8.92, 8.34, 8.02, 8.56, 8.83, 8.22, 7.73, 7.18, 7.32, 7.37, 7.33, 7.40, 7.48, 
                7.33, 7.30, 7.29, 6.76, 6.24, 6.33, 6.40, 6.00, 5.69, 5.35, 5.32, 5.50, 5.68, 5.58, 5.75, 5.77, 5.82, 
                5.85, 5.85, 5.88, 6.23, 6.62, 6.35, 5.89, 5.96, 6.00, 5.84, 5.87, 6.08, 6.45, 6.66, 6.95, 7.30, 7.48, 
                7.60, 8.03, 8.35, 8.56, 8.84, 9.14, 8.96, 8.74, 8.43, 8.15, 8.17, 8.01, 7.90, 7.94, 7.88, 7.90, 8.00, 
                8.17, 8.04, 8.01, 7.99, 7.87, 7.69, 7.60, 7.40, 7.29, 6.95, 6.41, 6.12, 6.09, 5.83, 5.63, 5.75, 5.75, 
                5.50, 5.37, 5.14, 4.69, 4.18, 3.91, 3.95, 4.14, 3.84, 3.72, 3.75, 3.28, 3.20, 2.97, 2.93, 3.21, 3.29, 
                3.07, 2.99, 3.01, 2.93, 3.03, 3.14, 3.11, 3.09, 3.01, 3.09, 3.18, 3.13, 3.04, 3.33, 3.59, 3.78, 4.27, 
                4.25, 4.46, 4.61, 4.75, 5.10, 5.45, 5.76, 5.90, 5.94, 5.91, 5.84, 5.85, 5.64, 5.59, 5.57, 5.43, 5.44, 
                5.52, 5.29, 5.15, 4.96, 5.10, 5.09, 5.15, 5.23, 5.30, 5.19, 5.24, 5.12, 5.17, 5.04, 5.17, 5.14, 5.28, 
                5.30, 5.20, 5.07, 5.19, 5.28, 5.08, 5.11, 5.28, 5.30, 5.18, 5.23, 5.16, 5.08, 5.14, 5.12, 5.09, 5.04, 
                4.74, 4.07, 4.53, 4.50, 4.45, 4.56, 4.57, 4.41, 4.63, 4.72, 4.69, 4.87, 4.82, 5.02, 5.23, 5.36, 5.50, 
                5.73, 5.86, 5.82, 5.99, 5.86, 6.14, 6.28, 6.18, 6.29, 6.36, 5.94, 5.29, 5.01, 4.54, 3.97, 3.70, 3.57
            ],
            'GS6M': [
                13.90, 14.81, 13.83, 13.87, 13.13, 13.76, 12.80, 10.51, 9.83, 8.63, 8.80, 8.59, 8.33, 8.65, 8.86, 
                8.78, 8.70, 9.44, 9.85, 10.16, 9.73, 9.39, 9.48, 9.76, 9.56, 9.77, 10.27, 10.47, 11.02, 11.24, 11.27, 
                11.37, 11.19, 10.52, 9.34, 8.76, 8.45, 8.87, 9.45, 8.71, 8.07, 7.46, 7.57, 7.71, 7.64, 7.71, 7.68, 
                7.50, 7.53, 7.47, 6.89, 6.36, 6.47, 6.56, 6.12, 5.79, 5.57, 5.48, 5.64, 5.78, 5.67, 5.83, 5.86, 6.19, 
                6.35, 6.28, 6.05, 6.46, 6.99, 7.04, 6.50, 6.68, 6.56, 6.21, 6.18, 6.50, 6.89, 7.04, 7.35, 7.79, 7.82, 
                7.90, 8.30, 8.70, 8.85, 9.05, 9.39, 9.17, 8.91, 8.38, 8.01, 8.17, 8.16, 8.03, 7.89, 7.81, 7.96, 8.12, 
                8.28, 8.27, 8.19, 8.05, 7.92, 7.77, 7.70, 7.53, 7.39
